reference: incumbent macros + lam 3e-05 EQ = 1.382293  (band8 not railed here)
  cutoff   reso      loss  max|g|   band8  rail
------------------------------------------------
   257.8   0.51  1.381509     9.5    +9.5     0
   257.8   1.20  1.414998    11.2   +11.2     0
   257.8   2.50  1.449292    11.7   +11.7     0
   257.8   4.50  1.481463    12.2   +12.2     0
   380.0   0.51  1.399917    10.1   +10.1     0
   380.0   1.20  1.406000    11.5   +11.5     0
   380.0   2.50  1.449494    12.7   +12.7     0
   380.0   4.50  1.474361    12.0   +12.0     0
   520.0   0.51  1.387833    10.4   +10.4     0
   520.0   1.20  1.414210    12.4   +12.4     0
   520.0   2.50  1.444976    12.3   +12.3     0
   520.0   4.50  1.481259    12.3   +12.3     0
   700.0   0.51  1.397675    11.0   +11.0     0
   700.0   1.20  1.412067    12.2   +12.2     0
   700.0   2.50  1.456646    12.8   +12.8     0
   700.0   4.50  1.477055    13.3   +13.3     0

best: loss 1.381509 at cutoff 257.8, reso 0.51
wrote out/eq_macro_scan.json
